function [g,h]=fun2(x)     %非线性约束条件
g=[0
    0];
h=[109224*x(1)+9990*(x(2)-x(3))-7099560
    2475*x(2)-3483*x(3)+47376];